0.89,-0.77,-0.94318335428989
-0.04,-0.85,0.73384348242749
-0.59,0.64,-1.3202892018721
-0.98,-0.2,-1.2863681252318
-0.66,0.84,-2.0185926053709
-0.73,0.37,-1.1936389009575
0.01,-0.96,0.74901874806833
0.3,0.54,-0.66926934650154
-0.77,0.6,-1.6415186354651
-0.7,-0.27,-0.755152289227
-0.05,-0.42,0.3419440585187
-0.6,0.6,-1.092491933245
0.87,-0.86,-1.0602389599318
0.45,-0.74,0.10774461871359
0.8,0.8,-2.2084165761788
0.43,-0.86,0.93713047614739
-0.7,0.78,-1.5882663946299
-0.33,0.08,-0.58215899576022
0.83,0.47,-1.665876139613
-0.17,0.5,-0.91436323285855
-0.22,-0.64,0.2655293005187
0.99,-0.11,-1.6158194230706
-0.59,0.47,-1.1501715011201
-0.52,0.79,-1.1740675338988
-0.77,0.06,-1.2014427952691
-0.92,-0.61,-0.93295951247227
-0.32,0.69,-0.68672412837113
-0.5,-0.87,0.31670513156048
0.86,0.6,-1.8825798610215
-0.07,0.12,-0.10948923409132
-0.02,0.12,0.29187805686098
-0.12,-0.3,0.31263839607912
0.86,0.61,-2.1346889501315
-0.96,0.32,-2.3075169273662
0.25,0.84,-0.83545689703877
-0.77,-0.93,-0.56760758285942
-0.5,0.51,-0.95371525586345
-0.01,-0.36,0.24098253160037
-0.05,-0.35,0.54662946269841
0.33,-0.56,0.11216112906464
0.36,0.98,-1.3453560512416
0.68,-0.27,-0.80383952404646
-0.28,-0.49,0.39660228040273
0.93,0.78,-2.4417592338887
0.24,-0.34,0.096161696255474
0.53,-0.7,-0.053389008529446
0.52,-0.45,-0.0419609573172
0.61,-0.38,-0.59146850299974
-0.15,0.67,-0.6351705857873
0.89,0.34,-1.8944704809758
0.62,0.37,-1.3153157332395
-0.89,-0.92,-0.73384411954615
-0.35,-0.42,-0.1546231063513
-0.9,-0.26,-1.3070599548903
-0.24,0.03,-0.0728555965503
0.95,0.01,-1.9760534193036
-0.81,0.28,-1.7609001777662
0.03,-0.32,0.22460224843778
0,0.77,-0.71870134878016
0.87,0.33,-1.8001250836225
0.54,-0.26,-0.27706088368899
0.73,0.28,-1.3664142382725
-0.29,0.08,-0.16184782404143
-0.8,-0.3,-0.77560322111793
0.91,0.96,-2.9459283454107
0.73,0.28,-1.7513744965787
-0.79,-0.59,-0.33200681863093
0.98,0.25,-2.0319918330799
0.16,0.81,-1.0017570757688
0.87,0.4,-1.9878942383095
-0.09,-0.56,0.66537563093721
0.2,0.01,-0.069904272000064
0.23,0.8,-0.68283807378786
-0.17,0.36,-0.60679020643188
0,-0.19,0.18331347558843
0.02,0.43,-0.40995591861641
0.47,-0.81,0.46320826196799
0.07,0.31,-0.11972230201444
-0.38,0.39,-0.63411546842735
-0.61,-0.61,-0.051984041201381
-0.15,0.83,-0.66363078331549
0.97,0.82,-2.7108948919666
0.36,-0.55,0.22358698570876
-0.31,-0.58,0.35671117182509
-0.85,0.26,-1.8211031846927
0.68,-0.19,-0.68492918213989
0.64,0.54,-1.6717005492531
-0.06,-0.35,0.34988716802453
0.96,-0.97,-0.85946829092941
-0.73,-0.89,-0.3018811192171
0.74,0.24,-1.3416958990049
-0.01,0.63,-0.51804928906276
-0.08,0.12,-0.42784722170452
-0.31,-0.79,0.49287682178811
0.78,0.79,-1.8751935077484
0.96,0.78,-2.9376000129734
0.97,-0.94,-0.88472644446322
-0.56,0.95,-1.4703955257806
-0.09,-0.24,0.14710001944354
0.38,0.9,-1.1123665025057
0.42,0.28,-0.53227721131409
-0.66,-0.16,-0.44016235330679
0.78,0.79,-2.2391212911935
-0.79,-0.36,-0.67119970443121
0.02,0.42,-0.37569473022135
-0.16,0.22,-0.04634015431601
0.57,-0.44,-0.027030480169585
0.16,-0.78,0.86651059585863
0.03,0.27,-0.48821896593998
0.59,-0.5,-0.068883177670349
0.18,0.7,-0.4362297725412
-0.34,-0.92,0.43825881131302
0.78,-0.12,-1.0589400654306
-0.13,0.62,-0.4561225300641
0.87,0.13,-1.4845699615343
0.52,0.35,-1.1020314673885
0.64,0.63,-1.6216366342697
0.85,-0.25,-1.1049107468553
-0.92,0.4,-2.0420912274984
0.62,0.21,-0.71661302780416
0.57,-0.11,-0.36103465743974
-0.23,-0.42,0.55846293944886
-0.02,0.58,-0.34885745043903
0.38,-1,0.59389840618958
0.19,0.99,-0.95256651582719
0.22,0.2,-0.41937918169913
-0.97,-0.45,-1.3607579470482
0.59,0.12,-0.77297201485037
-0.24,0.34,-0.58806404519812
0.87,0.54,-2.0907868535884
0.58,0.13,-0.7716864115246
-0.46,-0.11,-0.30871653446662
0.2,0.86,-0.85310843688134
0.6,0.78,-1.210170441202
-0.28,0.37,-0.44737925647215
-0.1,0.06,-0.11183171409166
-0.33,0.22,-0.30313254537421
-0.16,-0.78,0.72930596635082
0.44,0.34,-0.57997640193116
0.69,-0.11,-1.0927526197312
0.43,0.08,-0.33291402829497
-0.66,-0.04,-1.1444290378588
0.75,0.5,-1.9510652461259
-0.28,-0.27,0.52349505660451
0.05,0.28,-0.28417447369916
0.11,0.07,-0.22801339262191
-0.92,0.52,-2.1560894655185
-0.24,-0.05,0.086577218850402
0.3,0.47,-0.22232363082269
-0.15,0.8,-0.5988211713283
-0.19,-0.3,0.3718971398537
0.24,-0.47,0.43049888509602
0.31,-0.9,0.69806774923948
0.54,0.01,-0.89895594347278
-0.52,-0.17,-0.33156649420249
0.7,-0.65,-0.32655146051095
-0.43,1,-1.5161589233364
-0.74,-0.7,-0.34008367377287
0.94,0.54,-2.2073026603069
0.73,0.63,-1.7277024801229
-0.28,-0.79,0.7700308821564
-0.33,-0.22,-0.25300047881609
0.46,-0.69,0.45502699927605
-0.13,-0.01,-0.26829600122173
0.75,0.42,-1.4647178777359
0.33,-0.1,-0.30623121500078
0.36,-0.06,-0.20062145464784
0.19,-0.92,1.1817014823481
0.16,0.45,-0.55804223052563
-0.92,-0.3,-1.309910525296
0.67,-0.94,0.18731547814728
0.39,0.71,-1.2578831325507
0.27,0.86,-0.758482529106
0.69,-0.05,-0.98137157388855
-0.62,0.7,-1.6871296587884
0.6,0.04,-0.64146981727362
0.47,0.83,-1.1450133802617
0.55,-0.32,-0.29282432903526
-0.1,0.85,-0.69052348668644
0.87,0.37,-2.0483699353183
0.17,0.86,-0.85614283079335
-0.81,1,-2.3956163171791
-0.5,0.67,-1.0515961665182
-0.92,0.29,-1.5700013359135
-0.71,0.2,-0.83327188919077
0.93,0.42,-2.1740912734509
-0.21,0.69,-0.81373364925023
0.04,0.01,-0.36717347604995
0.83,-0.12,-1.5786367027246
-0.72,-0.99,-0.10481054997217
-0.73,0.66,-1.6904051405184
-0.28,0.45,-0.6836495469422
-0.06,-0.2,0.2809583189571
-0.31,-0.4,0.10137657693319
-0.18,-0.98,1.0375091690429
-0.87,-0.21,-1.4876381248928
0.84,-0.38,-1.091878659134
0.08,-0.7,0.74464554286769
0.27,0.51,-0.74565717702016